7
19
20
21
22
23
25
42
43
53
70
79
80
88
102
110
113
119
135
137
138
139
143
179
201
264
318
381
383
389
411
412
427
443
445
464
465
497
512
513
515
540
548
554
546
547
563
587
591
593
596
631
636
639
646
691
860
873
902
989
990
993
995
1025
1080
1080
1194
1214
1241
1311
1337
1589
1701
1720
1723
1741
1755
1863
2000
2002
2082
2083
2100
2222
2483
2484
2745
2967
3050
3074
3127
3128
3222
3260
3306
3389
3689
3690
3724
3784
3785
4333
4444
4664
4899
5000
5001
5050
5060
5061
5190
5222
5223
5432
5554
5800
5900-5999
6000
6112
6129
6346
6347
6379
6500
6566
6588
6588
6665
6669
6679
6697
6699
6881-6999
6891-6901
6970
7000
7001
7199
7648-7649
8000
8080
8086
8118
8200
8222
8500
8866
9042
9100
9101-9103
9119
9800
9898 
9999
10000
10161
10162
10113
10114
10115
10116
11371
12345
13720-13721
15118
19226
19638
20000
24800
25999
27017
27374
28960
31337
